MY_ACCOUNT_ID=0.0.34095312
MY_PRIVATE_KEY=302e020100300506032b657004220420f5b9be6d04491b94ca02aece1a098c5de5ec5b4533af5496f798ca3d2eda422b
LOOKUP_CONTRACT=0.0.34816815