OPERATOR_ID=0.0.34095312
OPERATOR_PBKEY=302a300506032b6570032100fb549a56bed6a01e9f2c2ffe280798690a2566bc7022cc25aa18f0cfed181367
OPERATOR_PVKEY=302e020100300506032b657004220420f5b9be6d04491b94ca02aece1a098c5de5ec5b4533af5496f798ca3d2eda422b
TREASURY_ID=0.0.34175580
TREASURY_PBKEY=302a300506032b657003210016766aabfcb824777e557cc030e51f27fb9826ccd28f385f99af3328c2045ad8
TREASURY_PVKEY=302e020100300506032b657004220420a70d8ead5d0f751fd24f5d12f4bb88117e5ad4f73c4b659d724e13381a547ca2
ALICE_ID=0.0.34175603
ALICE_PBKEY=302a300506032b6570032100c7cd21487e1f63bed6d704df2279143d51c21d539e6091a1a5406120346aaca1
ALICE_PVKEY=302e020100300506032b657004220420b03ff6391c2855e77ba72988e946106e8af241e11464c4741933c5083ae34610
SUSANS_ID=0.0.34174205
SUSANS_PVKEY=302e020100300506032b6570042204205c4404d48973d3d9b3b27141f4e21db0ce5259ffb4e2d52f200ed786e560e078
SUSANS_PUBKEY=302a300506032b65700321009912ca42000cf44e895fd378b29a1360e18993c5c07b7610e0cfb4d297a65b61

JOHNS_ID=0.0.34174207
JOHNS_PVKEY=302e020100300506032b6570042204202554bbc6fd55e31f8ddb235da3e2cbe7b1017f3d95f7081efba6b9b03ee1769f
JOHNS_PUBKEY=302a300506032b6570032100fba166a0c71a0a24469a95e438607a8d1dbf1a41865afc61c579e657d8a5d7a3

JANES_ID=0.0.34174211
JANES_PVKEY=302e020100300506032b6570042204201d09dee4680c077cebbb26fbc25f03932d0fb958be51c9a4b00d551f75d8db3c
JANES_PUBKEY=302a300506032b65700321003e5fa305336dbf85457e2bb7b8fc175a8b90fbba7003e5ef0b5e7f618e57a2ac

STORE_ID=0.0.34174224
STORE_PVKEY=302e020100300506032b6570042204206e1155ff9c76cbe297d5de6920f535edc1302996775eba73cf2f171e712af105
STORE_PUBKEY=302a300506032b6570032100f8c4dcaed041e59d31d48ec8de3bc6bc22ee6d23b29ed18f13db9330e451e5e4