MY_ACCOUNT_ID=
MY_PRIVATE_KEY=

BOBS_ID=0.0.34174207
BOBS_PVKEY=302e020100300506032b6570042204202554bbc6fd55e31f8ddb235da3e2cbe7b1017f3d95f7081efba6b9b03ee1769f
BOBS_PUBKEY=302a300506032b6570032100fba166a0c71a0a24469a95e438607a8d1dbf1a41865afc61c579e657d8a5d7a3

ALICES_ID=0.0.34174211
ALICES_PVKEY=302e020100300506032b6570042204201d09dee4680c077cebbb26fbc25f03932d0fb958be51c9a4b00d551f75d8db3c
ALICES_PUBKEY=302a300506032b65700321003e5fa305336dbf85457e2bb7b8fc175a8b90fbba7003e5ef0b5e7f618e57a2ac

STORE_ID=0.0.34174224
STORE_PVKEY=302e020100300506032b6570042204206e1155ff9c76cbe297d5de6920f535edc1302996775eba73cf2f171e712af105
STORE_PUBKEY=302a300506032b6570032100f8c4dcaed041e59d31d48ec8de3bc6bc22ee6d23b29ed18f13db9330e451e5e4